,Analyst_factor,NegMktValue,technology_factor,tps_sps,momentumn_factor,avgwght_momentum,seven_f,udslDWL,udslUCL,udsl,aShareholderZ,taEntropy,corrVP,apbSkew,sude,sudrev,lpnpQ,npQYOY,npYTDYOY,npTTMQOQ,npTTMYOY,revQYOY,revYTDYOY,revTTMQOQ,revTTMYOY,rrocQ,ocfa,roeQ,roeTTM,roeQYOYD,roeTTMQOQD,roeTTMYOYD,dtop,divPaidRatio,etopQ,stopQ,detopQ,dstopQD,aiSude,conSude,aiSudrev,conSudrev,aiNpYOY,aiRevYOY,conNpYOY,conRevYOY,aiEtop,aiEtopZ90,aiEtopZ180,conDaPE20,conDaPE40,conDaPE60,conDaPS20,conDaPS40,conDaPS60,astDa12Etop,astRankUppct,astProfitUppct,gsa,hkHoldRatioAll,hkHoldRatioB,hkHoldRatioC,fundT10Count,fundT10WeightMean,fundT10WeightMax,fundT10NegValuePct,naiveWeightChgAsym,fundT10ChgWeight,fundT10ChgValueRatio,pReportDate,pReportDiff,hkHoldVolChgB20,hkHoldVolChgC20,hkHoldVolChgAll20,hkHoldVolChgB60,hkHoldVolChgC60,hkHoldVolChgAll60,hkHoldVolChgB120,hkHoldVolChgC120,hkHoldVolChgAll120,aiDaNp30,aiDaNp60,aiDaNp90,aiDaRev30,aiDaRev60,aiDaRev90,aiDaPE30,aiDaPE60,aiDaPE90,aiDaPS30,aiDaPS60,aiDaPS90,astRptSentiW,astRptSentiZ180,astRptSentiZ365,astRptSentiZ730,sumIPC1Y,sumRelatedCorp1Y,sumExclPatent1Y,sumReviewDays1Y,maxRelatedCorp1Y,bcvp05M20D,ocvp05M20D,corrVPL05M20D,upp01M20D,ddp01M20D,voll01M20D,daizhuerjiu,FlowerHidInForest,rideinboatonwater,caomujiebing,decay_panic,volatility_enhance_panic,primitive_panic,flyintofire,modify_amplitude,month_jump,UTR,EPDS,EP_d,ubl,new_RPV,TotalMktValue,fuzziness_corr,fuzziness_amount_r,fin_adj_fpdiff,cloudOpenFogDisppear,ff3R220,ff3SpMom20,ff3SpVol20,ff3SysMom20,ff3SysVol20,rmVol20,rmVol60,rmVol120,trVol20,trVol60,trVol120,trVoV,mintvalQua20D,mintvalSkew20D,mintvalMts20D,mintvalMte20D,sectvalKurt20D,ovalMbsr20D,gmmMean1m20D,gmmDmean1m20D
Analyst_factor,1.0,-0.21487265311111142,-0.06324520305284452,0.09864508880914813,0.12522272709911692,0.03466910394671461,0.21936840516148193,0.030194414048665057,0.07765503363677816,0.07555456257525055,0.009892275264850649,0.09164145461284848,0.012742816316180693,0.024382256702072273,0.11402189530856083,0.12322097719940595,0.17702583761692522,0.010413272093327581,0.029128673358516797,0.0054840118451120745,0.009347369053730634,0.0045216295861551644,0.006990120444633366,0.0528781027512504,0.003267142450579014,0.13694127797611025,0.13033114834729514,0.12260985846967778,0.11100564972066211,0.04607046240642667,0.007945033201585646,0.040853169974051924,0.21368212132256348,0.0059370098064474575,0.17434423850466288,0.005399459734376866,0.041710165456305716,0.11700942781758342,0.01965914777584182,0.10335117036552235,0.07803395088208295,0.0866784321131078,0.006161688747885984,0.11415879521593304,0.08940338705799909,0.05143330537136327,0.3532310235270592,0.1277270485668855,0.1589711599768423,0.011013300910990701,0.011815950724529886,0.00697573572289215,0.09787848502698074,0.12638427865366378,0.15759365597667752,0.1945071041295854,0.08710656205421324,0.3326298724704274,0.14218838807154516,0.17662638295029334,0.196805828764358,0.14958117330513535,0.11877258551110267,0.23352739088306243,0.24735832380321707,0.15933353004410147,0.16742251449043968,0.20335842568415796,0.06452068313820196,0.019378960390354822,-0.004485246337873474,-0.0015309695783176818,-0.007157347108736758,-0.00036714266615111885,-0.000525418867096157,-0.006796967238209718,0.0028028412206929313,0.000925459752517778,-0.007880543378124343,0.006978313014645448,0.008157889960907938,-0.0005318120582129835,0.0030475288718375708,0.012768526440715784,0.02640390577684016,0.015497390315653628,0.0007399626426349076,0.00555154371227076,0.007459487624516312,0.03523295888315679,0.04476938681345831,0.02220135420801232,0.40985646072870885,0.09039432117759023,0.15995605274189575,0.2142187763451114,0.13857903923173306,0.14582357826469874,0.12344961731070257,0.10526381663152976,0.13454507782697483,0.20003664930465445,0.03544043987987119,0.051457037237621475,0.11607565522650164,0.1317977666451359,0.09722931541536575,-0.0367689549240987,0.05517277193447523,-0.040572376841392706,0.0057704715646548135,0.025480851076970536,-0.010489910218151014,0.01786465606249833,0.0622507508111116,0.06217816869614476,0.11725102645850326,0.08748295962791879,0.07933934300206086,0.08482131864058903,0.06905249593025327,0.06887262120811956,-0.22083106963704455,0.00545378908459229,0.1419989103867574,0.047554868790900186,0.1031334096768582,-0.023586934290214166,-1.961997515872002e-05,0.0011852037211385936,-0.006962686794255964,0.0069109456560683845,0.022925498847456156,0.023213315045429627,0.030036893864438193,0.10038924625743206,0.12013755227427901,0.1312572116402716,0.11087292838926593,-0.15454932163759283,-0.14554102964227303,0.22565665518461564,-0.07422836289671202,0.11181208666101136,0.08341154794196202,0.025722618457038826,0.12036575657153187
NegMktValue,-0.21487265311111142,1.0,0.26090847754266777,-0.18935560633194293,-0.05460529993186395,-0.08074011158255642,-0.1481310759816842,-0.023608679611538196,-0.09725311318420304,-0.08493396077505223,0.07044277090094128,-0.10744560437320853,-0.03417880806839034,-0.047668968712907676,-0.046574423854590714,-0.036272813524449415,-0.08691039088175598,-0.004948364677372085,-0.010041198856895526,-0.003073024964840891,-0.004037282313973839,0.001250588902570252,0.000839637093832177,-0.015708753884208705,0.0011975141977815117,-0.096468181310625,-0.03214108736039976,-0.07199423940892961,-0.05981277722247528,-0.017040649729706554,-0.0023026619156240502,-0.013624946544928428,-0.16071954652646162,-0.0035097686193706784,-0.1028011182985281,0.0009560827788200757,-0.02823410400682623,-0.022467930942408152,-0.0075749765501063665,-0.02545132024414379,-0.022757783281015923,-0.01309260155064492,-0.0008467946404962018,-0.035885127063056375,-0.020421268169136666,-0.008591532290685466,-0.16417568280067368,-0.037589644779720904,-0.047725539498100183,0.001997109730244256,0.0014731848336344366,0.001059257775479728,0.0018410569270037422,0.006303394948644631,0.007468747753653509,-0.010774684494137786,-0.02376087727003046,-0.049885228453739494,-0.47913059634103217,-0.40641667080480415,-0.23427183319640274,-0.40503105651917165,-0.5914028684479716,-0.39073609679657983,-0.4843464030949224,-0.23634907490439425,-0.21975686282428722,-0.37888591058751264,-0.09875125983041921,-0.01592505588674042,-0.000917717296761284,0.002370061570780544,0.00235829133814539,0.006547105909702952,0.004473194101863674,0.003609401692951563,0.008103083011595983,0.006351264647555141,0.005104977523886823,0.00712152726567778,0.0014547611481387293,-0.003503047429367219,0.003270017969759405,-0.0010576739784499709,-0.002608924701976766,-0.000586364572469322,-0.0025055575441309762,-0.003747544853457065,-0.004791651538137065,-0.007750950572568078,-0.009133916869487776,-0.00566370491730791,-0.3448235507834902,-0.008193246354168607,-0.023771408718670454,-0.04972224439226771,-0.2911025811887393,-0.3296580070229298,-0.3079892887694216,-0.20183680998832385,-0.2404743028225406,-0.14983137589321527,-0.05807660656952352,-0.025734043608307573,-0.11876541649818657,-0.1457855318191735,-0.11102602856593227,0.15631062810156365,0.012550452487743271,0.10928033158955791,0.01863450062779501,-0.04736651473879836,0.052346311749323,-0.042836805900756364,-0.0796740572349207,-0.07961834739456473,-0.136931416781845,-0.19162319271538375,0.002992354493060555,-0.00015823451156600886,-0.049477349506547294,-0.03727562345500292,0.962281618070396,0.022677251216575788,-0.17749643316685434,-0.02370501414809743,-0.1156136067898313,-0.014975828239231059,-0.0009765071680537119,0.026345268062196763,0.033488264098784144,-0.021704105546408843,-0.06876791805110798,-0.09707778181192965,-0.12846529385941152,-0.17317392907084228,-0.2101992225873069,-0.23794308423043967,-0.16616212379799594,0.3239050157151836,0.28391340854111957,-0.2406313962596757,0.18929314592860957,-0.16492786774729898,0.00784353333531802,0.008257970254726852,-0.1387216881008387
technology_factor,-0.06324520305284452,0.26090847754266777,1.0,0.23984037030047548,0.3209848736025396,0.10485211500008013,0.16342826041634748,-0.085772325946126,-0.10826449391660169,-0.13707856588180659,0.3425505962316056,-0.07272455874881978,-0.0413309447903901,0.013052406915424048,0.02333923986792462,-0.01135007111143324,-0.025712590866731378,-0.004073572448662178,-0.012062956150135865,0.004376401992649726,0.0009329731209415034,0.002493224255640378,0.0009158825290269398,-0.017859544486876013,0.005847276417199035,-0.003771396479062111,-0.014881628524548137,-0.03476805924101745,-0.01401302968617594,-0.0055785653814316655,0.001522888058169844,-0.014595610866200976,0.14029280142287023,0.0042266314990487275,0.018922700038454546,0.003096937996712769,-0.010389880021966152,0.006773848709473634,-0.01621118702412887,-0.03921814706366673,-0.035360005466683934,-0.037408070688533086,-0.008609367550982088,-0.060804221578683204,-0.040779944069294596,-0.016988121742292667,0.043062504432070645,-0.07370416338457764,-0.09597725897778708,-0.0057277549499039505,-0.008141117192465656,-0.005405258865562317,-0.07985248418952146,-0.09918411392137987,-0.11063878985864149,0.014171408730646057,0.0018713812632333222,-0.007171062192857179,-0.1568331217421046,-0.19095667501524574,-0.17942792353276057,-0.17100136030876725,-0.21794145943798432,-0.20817128965748305,-0.24221566487200058,-0.16457846221631625,-0.09749643700290682,-0.20459609416528202,-0.036074941623813764,0.004172049104534595,0.004914990805153071,-0.0006186722545694812,-0.004492518085153465,-0.012595904807774257,-0.008915455072144151,-0.004914388359041067,-0.020288014632590102,-0.011459761958332133,-0.006031657869022514,-0.011067340415513681,0.0029353942795138192,-0.001113525563858752,0.0021925540852468037,0.005898709673293941,-0.001284703927396718,-0.0014084262912325018,0.00033980070549062904,-4.1998261398861764e-05,-0.00037483997660401453,-0.04868569147248969,-0.059438625179763234,-0.03225844337687726,-0.20353274734340687,0.05797370920636663,0.04615220208299001,0.0059450573080307365,-0.1459531461227379,-0.15592153500849024,-0.152663991731887,-0.1333544895388933,-0.10674455652410746,-0.07282633506795665,0.05318399760147009,0.19522780696041092,-0.027317437262603887,-0.22816689672181248,0.017905828631619713,0.41609391784175337,0.2503438283023054,0.18471378563477964,0.09717978748733008,0.09417090491446001,0.12007094212779407,0.1195057157878297,0.18579447430049253,0.1856625797608358,0.04173717834354853,0.2843604008831935,-0.1325573875584618,-0.13127849513235448,-0.13082676856159942,0.02504241509678665,0.2772473125125819,0.35073562137247305,0.0528381601635191,0.15042781475215067,0.15374893785077987,0.01583542544193336,0.13062714150622198,-0.08424136802198223,0.0307637026509552,0.10220137942930381,0.1317953044448055,0.22209360637138148,0.33551755958526025,0.2187510264162043,0.2982082577689807,0.3893124746724408,0.15966692899792762,0.5789932803475137,0.542446371389149,0.1770406102682246,0.16662728500648,0.10692630253319033,0.24447079731379837,-0.08680635456955689,0.11210171858660818
tps_sps,0.09864508880914813,-0.18935560633194293,0.23984037030047548,1.0,0.05568862419366478,0.4748158897208992,0.26235383543225166,0.11621886062179589,0.18828057830245978,0.21318316816091892,0.1378391640861869,0.49696616846781,0.11801337430526389,0.26884084747885006,-0.03880898914800754,-0.02361974528224689,-0.015192249105294814,0.004844582501532272,-0.014307591147729568,0.0022264247534059,0.00719521540834945,0.0014744821225092398,0.0009902352207977164,0.0012522796074271169,0.00539973594915153,-0.0036327777794954628,0.01436733376963434,0.032379333417413454,0.05403153097591407,-0.0005243622992430391,-0.0010201378395632299,0.009220673768335776,0.1834022407694746,0.002663237880199512,0.06466475058892467,0.0020136651140984976,-0.019945898374471565,0.013044355578504927,-0.00856082449004833,-0.005960782850893838,-0.0020857188125402667,-0.007463568822990524,-0.005670841029392368,0.0006354629075300712,-0.003181697976105507,0.00519915263776841,0.16105795604877238,0.10786250514964835,0.11866338312408606,0.005744365499624305,0.005601945466089621,0.001570268747533411,0.14884128569920477,0.15827509955915864,0.15180989291120595,-0.05161695453756714,0.007808627604840746,-0.051111369944153585,0.06374966366819404,0.1528277895856091,0.07657473642738706,0.15551203676859368,0.09327695817247611,0.14493781511536688,0.15852939870875116,0.09130530758780343,0.04293871448971277,0.1519780685169959,0.028528912865993437,0.008839231624089058,-0.016881496363996686,-3.1879536849463183e-06,0.0007815047271160718,-0.009984572896681115,-0.003540341482335335,0.0007878946070997797,-0.010817494306725892,-0.002923190679572442,-0.0012174270424229214,-0.00665705338513943,-0.004171090423028754,0.0006121009289263416,0.002712974664445899,-0.008429290098612914,-0.010732973829697548,-0.003156017309451404,0.005277637356650819,0.009818071955174416,0.010609805532636143,0.14656915653156047,0.1597909743882596,0.06621289251646548,0.10637027281025012,-0.043009397191256744,-0.03968581946183975,-0.02974776814465672,0.09840289597977113,0.10643592140081316,0.08975603677336803,0.057573185875488694,0.09252115613355012,0.02962355943597881,0.512696738329387,0.16954558604777284,0.527526536981001,-0.14206694310582021,0.6389676418350723,0.5088649417464418,0.4913930253287339,0.2581599814701041,0.2851445286046926,0.5863389334197896,0.28534690033240656,0.7150229062207192,0.6228806505318711,0.6231526391441446,0.6718243946153796,0.8909860435650293,0.1258850613483955,0.12823542875329563,0.2212664440696,0.28493554920925684,-0.1781195006505123,0.5187025589675024,0.5309355672456935,0.23534730145280214,0.5228642779774695,0.28856082714026804,-0.25035992354310976,-0.4148923885476252,0.03985465938627871,0.21492708971009408,0.6860134336226114,0.548328781595969,0.4547676286150264,0.9303572853398957,0.7543635180986393,0.6449651596369489,0.6906228054209569,0.3274683683914397,0.29161598502118535,0.3667199502479071,0.2887541562396082,0.11712829184638993,0.06725900443415717,0.2906006836490294,0.5580900348913946
momentumn_factor,0.12522272709911692,-0.05460529993186395,0.3209848736025396,0.05568862419366478,1.0,0.004982748848449889,0.15891771093726126,-0.044553938487364476,-0.03649926852343161,-0.06016731007671776,0.1311937504394243,-0.006643142539285026,-0.020542819776979894,-0.003812454122223351,0.09874382170506715,0.06540994970461146,0.07519844131521392,0.005697026792695158,0.021707156069751477,0.005399542855662404,0.004109833486110317,-0.00033364243456642466,-0.00039719249688151015,0.009522076766025572,-0.0012762350386762706,0.08289775640382767,0.039630695458398195,0.028724914181252423,0.03628173609470077,0.03568288792881615,0.002642772750244861,0.02558843281140586,0.11956222389461484,0.0016248938062537902,0.09407610068747585,0.0005471277065426794,0.04653881597323583,0.0343414666981483,0.01021931502501991,0.03580426933227907,0.016989151519853793,0.001769438018796782,0.003922148980248312,-0.006652707915712539,0.02157845386195049,-0.012355627478913668,0.12618274350614606,-0.03495619011615415,-0.04807060637777259,-0.0019926394249714092,0.00030749104051066927,-0.0025329542581794032,-0.0529941392090333,-0.08420416875596298,-0.10728875694852777,0.09857520771172651,0.021357006682005592,0.19703444837320572,0.028355404667440576,0.005870833428240533,-0.003861441367413939,0.007866384337386505,0.008978747831724426,-0.08936468045170959,-0.07823220284469201,-0.08644056785522135,-0.001900250076568314,-0.09549264890342804,-0.003911161766622934,0.015899629999831716,0.02214713242732943,0.0015798676472018034,0.009220833418482266,-0.001485143567056019,0.0014741754366646676,0.007574648499791146,-0.004042590835897196,0.0014510995502353388,0.008691976816155158,-0.002896747240999156,0.0037426445491068328,-0.00395289203372933,-0.006945344811651543,0.009748936072300497,0.010159605294641046,0.007028552630871823,0.010253630778420684,0.012797107197563194,0.014605092532915517,-0.02860938183074389,-0.049141285820131185,-0.02907681229622473,-0.002126218501566546,0.07355895414520026,0.10569357580599721,0.11365900468352749,0.04204754000051656,0.039746247386532665,0.0318562805583264,0.036921806361517935,0.04942248698763958,-0.0038908650001431453,-0.04508269318359574,0.12492141189400612,0.02710858939648424,-0.15043672229042762,0.03963314844568662,0.1338402941911108,0.15580208090101247,0.05416598119635047,0.09407783605253549,0.07907378533969937,0.09677123155356716,0.07315879799956107,0.1544464223048664,0.154302328595188,0.06875617679549877,0.09344536390685404,-0.0819651014349479,-0.08293685385892874,-0.06522203349930367,0.055808632362552915,-0.04553071720481438,0.16846827938475506,0.10341015489897429,0.14483789548420606,0.173928344181787,0.0886009364877886,0.11777288767519802,-0.06020505244348247,0.008248721372039998,0.03441150047139862,0.10135110071601805,0.1576015860769518,0.22682970701430347,0.04155762437719109,0.06161518784646003,0.08398555605366248,0.011398195127645172,0.14201774638105433,0.14684228742659894,0.021969315061676663,-0.004873674638382815,0.08076417195449233,0.0951977631376019,-0.04515456445645452,0.11433705803776784
avgwght_momentum,0.03466910394671461,-0.08074011158255642,0.10485211500008013,0.4748158897208992,0.004982748848449889,1.0,0.22771783243357666,0.21728259101415837,0.12882535744743362,0.255875703860375,0.08458725377805526,0.2916619407838998,0.08562287379264064,0.33759306621752405,-0.030216703075023107,-0.021260999133539845,-0.017033491377351447,-0.003506749663425906,-0.01574229352959877,0.005793183496612479,0.0038040974658669507,0.003719132470600525,0.0033527542640236635,-0.0035858299247829247,0.0008521199474232591,-0.013630340129927955,0.007660734706555788,0.0105827533385996,0.020427415637591675,-0.0074818567824496834,-0.0039206039684378195,-0.0009972855791200888,0.0942505647915603,0.003217530778105469,0.03446843491729537,0.003959601911824905,-0.0052330588941378875,0.011660515082640488,-0.002260382201223403,-0.009664144055410344,-0.005074403378880274,-0.007767009879052166,0.00044308196034698125,-0.0016101207925382135,-0.011604178795754243,0.0017643448075077576,0.08330737590810733,0.10893972311342458,0.09616651164492969,0.007979613862296859,0.007926152963882112,0.007676332582494145,0.09721734700368861,0.10851216598462615,0.11196521738235048,-0.03263774967580115,0.0009402388349083444,-0.02865360420964014,0.020901160693900123,0.06156690827662469,0.025895362191742256,0.06402801922788587,0.043302726365893246,0.03992446004488956,0.04834708210284098,0.020658292021221807,-0.0076448188653099975,0.05125700156637469,0.007051863586369269,0.002660491136282569,-0.01412807779299602,-4.06786603094388e-05,-0.002233851392777,-0.003696059984366984,-0.0006817029090791731,-0.002464023205873672,-0.007086718224105746,-9.681356017959808e-05,-0.002202372961525249,-0.0025283851864758337,0.00012848416152167312,-0.0008795325332650538,0.0006704071094302709,-0.00910195176946449,-0.006640141554600714,7.341790368275149e-05,0.007493428050403074,0.009805371216843516,0.007892306742300613,0.11080065414430798,0.10160729726152663,0.04602122360537169,0.027626098040485048,-0.033459415415677964,-0.03297472859694812,-0.02913616422584046,0.04191866842651914,0.04397690379061931,0.035500827403097734,0.02420790371663488,0.03929483647706752,-0.02391370750783808,0.34179555348600416,0.05291789253633958,0.2963689858807407,-0.07180422556831091,0.35908981326929207,0.26046238427463886,0.2532687034317461,0.13400886829024225,0.1901053488477806,0.374673795238486,0.17781000154029356,0.40133628819847006,0.3184831622832587,0.3186122626060906,0.3732984729662089,0.43405348607871835,0.10693488373957402,0.10765780388200431,0.26212027521917286,0.13044134827711262,-0.07499308501814744,0.2650518294736667,0.2953655791403874,0.11171494456933051,0.2872753156704204,0.1518428832222009,-0.15680088385671054,-0.21843059804160106,0.010105725993486102,0.1066544051349087,0.372889286526302,0.3227932440173046,0.2703676513929281,0.4434713239564746,0.36799584269578656,0.3100468920214474,0.3442056393060207,0.16407165946067054,0.14750558646198136,0.1828573845986518,0.14109552455139993,0.04409481023623721,0.012340273407791284,0.16316555853909845,0.2858163518176147
seven_f,0.21936840516148193,-0.1481310759816842,0.16342826041634748,0.26235383543225166,0.15891771093726126,0.22771783243357666,1.0,0.024820860718285664,0.054267851986099555,0.05678544371249972,0.43093568032573953,0.17809394541344387,0.08829700126703735,0.42453200203497643,0.08538961551074663,0.06676413623323685,0.08695421299250918,0.004452227640469594,0.0036290252356105633,-0.00013293355236806937,0.002521592542890779,0.002919185785339185,0.0024929437661108454,0.020878193561860586,-0.0010448375298511517,0.058643681163586335,0.05079546130835455,0.029470636279684093,0.02654252327112451,0.03191267986676007,0.009732893995670802,0.021951802655786074,0.15266018025392725,0.0005997939446382078,0.07149269225209837,0.005898674299758097,0.018868623270829152,0.11317822248837153,0.006454610316882314,0.00894618038332344,0.01961533968790639,0.0011009736209091655,0.0031267248899116257,0.011173888719689164,0.0015502264281867493,-0.01143908444693861,0.21405180265797238,0.21015178020743466,0.17900471582272634,0.00743443507026487,0.004123980459091983,0.006541176742534526,0.028281079941599216,0.02083480735765007,0.011620949016767182,0.041750679997290666,0.014623297944314162,0.0861006522164253,0.04796608289223484,0.08693235370148751,0.09585649309788552,0.07390156554999572,0.03671391882666295,0.053287707081464845,0.059595063344568,0.008335709560591117,0.05395242481097393,0.05105624580175448,0.027123149541163356,0.007781543197235465,0.01518821489428662,-0.0018717567612615506,-0.0042859468648536875,-0.008277495923776568,-0.004712954571296928,-0.006796708667665933,-0.009035659880663354,-0.005007753256587738,-0.006131213608819617,-0.006988954427121857,0.03666982973134517,-0.002266405958248552,0.0027624493120147297,0.032991406720372686,0.02064946431694995,0.009884674926657835,0.013870336343762538,0.01375953957823206,0.013626795627487202,0.07178495920970471,0.056552342162379664,0.026004342323852327,0.08195801183081788,0.042578879547942705,0.0698690743183742,0.06927306627674473,0.45718592429229854,0.48171184448704707,0.4173931613679628,0.3728950044902879,0.3703541438275208,0.07060966101105011,0.1152195011016827,0.09821230602314912,0.12595105032370918,-0.13404583236976647,0.1623419675892632,0.17819302434744122,0.19041919546519864,0.06164009634987657,0.10039302247570152,0.15590201478220417,0.10508157745447337,0.1757264835759911,0.18479441810478675,0.18492225434175258,0.19367524718335138,0.26439609940912195,0.0425509742921507,0.04283242714747538,0.05449798017558654,0.19481418042120752,-0.14371160866198993,0.23064665365663645,0.21267324429008683,0.12057856812249447,0.22883814297459354,0.09852532999212686,0.018726217005291357,-0.11612869328401625,0.02232832893927842,0.06132608113127332,0.19654159077124525,0.2347487881430426,0.2705261320926654,0.24536512522955678,0.25012655974915443,0.25971148511301184,0.19561455281446605,0.08060658543467918,0.07782308578919403,0.20003352074600136,0.04547655197335024,0.040614976872371325,0.07076682506770789,0.034679211309099886,0.17316525425280807
udslDWL,0.030194414048665057,-0.023608679611538196,-0.085772325946126,0.11621886062179589,-0.044553938487364476,0.21728259101415837,0.024820860718285664,1.0,0.1881564334229094,0.6455769197517502,-0.041563197150652584,0.06997821886122293,-0.017709145084028922,0.03794117063506396,-0.018814887721475992,-0.015160449421518618,0.002440830444324881,-0.0035849470302215234,-0.0003170231857137795,-0.0015552284704611278,0.002739766127268907,-0.0035574126800316345,-0.0038371883520876577,-0.002975781769483823,0.002681319293497095,-0.0027738527694386107,0.0008600053945110811,0.010326162956456305,0.005886102093495193,-0.0005285058669673941,0.0005585386804323325,0.0017665440608721288,0.01722223277343485,-6.143290579544106e-05,0.013592082487718883,-0.0031284357725863254,0.002149631848387737,0.00268056612869297,0.0008377458854791758,0.0016054297005401337,-0.00018809342498502947,0.0006366545650132547,0.0006449684866958409,0.005741204051793312,-0.002277169434674751,-0.0014094064297760442,0.03366814674709926,0.15175282990162794,0.11280507911680356,0.015391939750092554,0.00968136669512649,0.003954042309740301,0.23939384298551544,0.109024387560913,0.1017281902551812,0.0017214484135835075,-0.0010230074960245643,0.002953284438717491,0.022025906298716875,0.019522233500894593,0.0011956312658202416,0.022251448320506236,0.026291042874177092,0.03143119570707112,0.03532615311020471,0.0224191599467457,0.01685071790506588,0.028832225438520317,0.010434739374339351,-0.03666891952401948,-0.005281110988731881,0.00018114683442239192,0.0021176756122319473,-0.001293585816205285,0.000593666739388856,-0.001560248542763268,0.0038588042957236842,-0.00012678764906139453,-0.0013966041727348489,0.0008924809662303458,0.000119030770250201,0.003012061694148244,-0.00015406700043097158,0.0033722765177494453,0.006102887391948172,0.009144283643130429,0.0007342418505987302,0.00425153497797245,0.0020337719361208564,0.1720859831401635,0.06866646658124453,0.032899018472549287,0.03221413453410115,-0.014286871513363152,-0.0053944153822464355,0.002344218892686531,0.013210825821922883,0.01601691575153289,0.012991039441326102,0.01018523696957932,0.013331080383396601,-0.02991090912092156,0.1112016799850116,-0.05649495037382079,0.11667422415304153,0.062047198111241895,0.09470022538673806,0.02260697496832034,0.07864809106882119,-0.013560746909775524,0.0810514660119538,0.2078959009776126,0.06026737015292423,0.1945925934105828,0.06719849730961582,0.06719606234366719,0.11890099611252641,0.06191825502874298,0.10661594301938591,0.10608247919653636,0.6338075230425054,0.18098561615284237,-0.025042831748800776,0.025069938645196077,0.13352264916977594,-0.01734052274844509,0.08881855803032541,0.03826298548906307,-0.3213243354217908,-0.07577295678138078,0.005872599653791406,0.04213943384599579,0.1179729950265696,-0.021560973508053118,-0.031203107328746982,0.09160424343799752,0.007637534759376844,-0.0055653939213583005,0.10377127947425978,-0.06683019263250983,-0.06653305899391036,-0.01478231583196071,0.06691968050147681,-0.031006987336711853,-0.07811586605385816,0.31129336461091167,0.11476888019724797
udslUCL,0.07765503363677816,-0.09725311318420304,-0.10826449391660169,0.18828057830245978,-0.03649926852343161,0.12882535744743362,0.054267851986099555,0.1881564334229094,1.0,0.7224278626736148,-0.004034668040219027,0.2081547943032302,0.04758963964223544,0.07889067556849465,0.03804737931029917,0.020659017828315293,0.06171422452952738,0.0010891764123508666,-0.001218712920938196,-0.005657571430758715,-0.002539272094208122,0.0008496008463590753,0.000960936740368092,0.01299050880335426,0.00047621203531923853,0.04428375071228672,0.016777892426661466,0.025971027761783196,0.02169181447800403,0.010583712453158974,0.0019275063115570098,0.011817948226733906,-0.0003515933972741718,-0.0037138853134595657,0.03586251522544229,0.0006729247187071167,0.021044381963605304,0.0119114672277052,0.0023192562090533783,0.015765454664830505,0.01577754497980722,0.014456084914083596,0.0010389734124772614,0.028794924554770677,0.02488870401458645,0.013216690633477544,0.026432420442854525,0.059891071890703425,0.045694377127566355,0.009197946531538772,0.009985492488584831,0.007068359330096922,0.06259818296720604,0.0314484632880072,0.00413974583390402,0.010552886977603723,0.010659725438819325,0.020089626119821846,0.07853365628375768,0.11377881393444679,0.12347983529627375,0.09727665963409458,0.06798743933906132,0.1542782100166749,0.16153568179345779,0.11394100588534704,0.10300542917963611,0.14017278389413,0.04331909396119657,-0.003999808630328526,-0.0025839002666350245,0.006835454616763811,0.002345318394527488,0.007996681924307358,0.002834341378651171,-0.0010304221640941632,0.003309923788002374,0.007584760387355673,-0.00016908748612201932,0.0024720764845458064,-0.006382506623526932,0.00012579905107210914,0.003966009865685626,0.0022935142016606925,0.003681834808349871,-0.003238293321001747,0.003988871010779393,0.0041247669862142025,0.0010761200584987595,0.06726689644430354,0.04267322701163199,0.013176721581619292,0.1494464857759578,0.007289012357774372,0.02839201145370644,0.04023322289847943,0.08203268741509193,0.08368379266591545,0.07906649553444339,0.06653582194869115,0.059305126794372144,0.1742235319756604,0.210986125987796,-0.01937730066680604,0.24391421577086933,0.1071211227023205,0.23660244114814874,0.01447217666362429,0.09316269535375349,0.008672464308621073,0.04870025356598136,0.13539361160104302,0.04064254073260583,0.15263680786248401,0.029579109063554907,0.02967891429726626,0.22449563007948795,0.12396651350637305,0.04514059428140933,0.04569427363904374,0.7242626229547775,0.05121283528893056,-0.09895916166007103,0.06441426474289157,0.22809004586369222,1.3210451696969227e-05,0.1566100381449571,0.06468371444481619,-0.12179079251260291,-0.10846298571457207,-0.016233766160353717,0.04825408509257428,0.15850604435652413,0.017819639248878746,-0.00927723792666511,0.19791091783951487,0.09081317869358894,0.06840720798037196,0.17249171724570356,-0.11644434874178335,-0.11079833806337364,0.17444577350128926,-0.005211875128572836,0.05879897683882334,0.023320633352747498,0.11688483801270218,0.11327536583503012
udsl,0.07555456257525055,-0.08493396077505223,-0.13707856588180659,0.21318316816091892,-0.06016731007671776,0.255875703860375,0.05678544371249972,0.6455769197517502,0.7224278626736148,1.0,-0.03336114154407934,0.3057996252699252,0.017843537627313794,0.12098010499116683,0.022207848978306594,0.02114674223118965,0.04074022942199814,-0.0019362456321664271,0.0043149575806349415,-0.004598360419260626,0.0014986861506269989,-0.000676036202405169,-0.00048526191125119946,0.00988218621705339,0.0014706302188958256,0.0289668104055992,0.01939355368467504,0.022990888211320493,0.019221208592782642,0.010599091758575908,0.002592504455910288,0.010887373880752126,0.009803360591025607,-0.002686013845473955,0.02942107933644506,-0.0005921948192365162,0.02015085869573173,0.016594516968330565,0.0033329011358534727,0.014212624767166586,0.014815165985622573,0.013035934714435439,0.00180032887150062,0.02526237324358815,0.01921230626023707,0.008616609816456301,0.0436044434025699,0.14323301164156918,0.11760792181956858,0.016365146823058445,0.014771034141556567,0.0077425509899344555,0.22043499817107864,0.11821905114429464,0.08173647873971211,0.009826609243396801,0.007959998335261015,0.019376845664005153,0.06953234556078729,0.09302168775016495,0.09030322050293,0.08248954878028529,0.06713256566037219,0.12879946826989444,0.13721189886634777,0.09534022696354552,0.08992805127093773,0.11786292747782047,0.039087894931743236,0.006098728908847973,-0.0016739178674971726,0.006050079245365797,0.0045039001325610645,0.006847257499079962,0.0039573416291306465,0.001280830299715274,0.00512188456704811,0.007079151417794139,0.0018733957156850138,0.0027416734257780335,-0.005506382953165118,0.002045589796164404,0.0035362169243564755,-0.0041907851092059314,0.006380996022202135,0.003829062989300489,0.002739595222054054,0.0032917372661604334,-0.00036174066917906897,0.15801843767731336,0.0863728152007728,0.029137432620720546,0.12379397990008933,0.001982882996558385,0.019406576219901373,0.03230919827492478,0.06565250388163477,0.06877143991111916,0.06325499569510289,0.05412226362245638,0.05174914229864825,0.09859839580479841,0.2207320167982334,-0.03625360235079287,0.23163475630131786,0.09701129752961266,0.2231910182227266,0.02965174778186102,0.12640082027017924,0.003094667043000125,0.09955561271909506,0.25659051421787615,0.07419642352148616,0.26006198685621335,0.07397017087937778,0.07404385770915424,0.24474378744578396,0.13559676090000738,0.11316274753414064,0.11311027804057766,0.9863946813724351,0.16887364347152678,-0.08692155394082994,0.07460348153001102,0.2555678243465933,-0.017612631272471757,0.17294632969127904,0.08624266155173663,-0.32131532351712805,-0.10823604916780154,0.029633519396634077,0.03349648271650169,0.1832184170336777,0.00017561858222065748,-0.02495772669741694,0.19592959578802205,0.05943429097935394,0.037006666696007974,0.18597966316879,-0.1363796521353721,-0.1323113231246874,0.12070213005979533,0.05692606140331942,0.01780064758480712,-0.04781690498603443,0.3195886999088419,0.15079712421496289
aShareholderZ,0.009892275264850649,0.07044277090094128,0.3425505962316056,0.1378391640861869,0.1311937504394243,0.08458725377805526,0.43093568032573953,-0.041563197150652584,-0.004034668040219027,-0.03336114154407934,1.0,-0.027569278472239358,-0.011035812106996041,0.028002950947502592,0.07580679689086303,0.04737388265647921,0.03556843852088636,0.0030252222077052594,-0.006746277156519946,-0.00623489019581443,-0.006978036185937125,-0.0035809126206356686,-0.004320457060088988,0.005014127321523814,0.00421018855979437,0.028703499436377046,-0.007623247296606877,-0.005621424507331982,-0.0003057843226775427,0.01808484791954607,0.008016167341911929,0.009425033458783325,0.0360678210550322,-0.003987177350795058,0.021713730437362834,-0.003424465376817089,0.01466909899295261,0.023690421853259355,-0.004452428904583759,-0.011421464696193718,-0.007455401985317471,-0.0122511728879847,-0.004086645374198855,-0.025839444969423066,-0.02353041199861738,-0.0038929596945285866,-0.002862634886862888,-0.010482096750710549,-0.00842717686047948,-0.002949140545342386,-0.004134904971746387,-0.00412662999532331,-0.025450967127053647,-0.03244439866059816,-0.03929636301664605,0.05410702370907612,0.020401863092793338,0.06855851473040071,-0.03630849681031516,-0.06367302841110553,-0.01995837466802118,-0.06811638491273497,-0.047976488250472696,-0.05635253179070957,-0.058212578537582015,-0.019584604234408255,0.014355505421216863,-0.051334991491939846,0.0032384572448800495,0.003481794747107136,0.011727562713069439,0.001680687829084162,-0.006865927093933913,-0.002813878157188301,0.0042918878276338255,-0.0068920617361193865,0.0005558830504248368,0.005438160764492398,-0.007103081725600535,0.0020737646654286407,0.0019047382428978364,-0.0007565441932749281,0.0026828410125419953,-0.00023138752412951754,0.003566127847247343,0.003290788541630797,0.003822434234434241,0.01321122041063594,0.014056726021620685,-0.013578276403705972,-0.008760900721932592,-0.005467340779204663,-0.04336971538868774,0.0659229601067897,0.09512756598049171,0.0856614340703732,-0.028644295943149316,-0.027885504372029548,-0.02612112840058497,-0.03672450910702926,-0.020354000376650302,-0.0352589096303509,0.06690208878075977,0.08617384118709527,0.04211761817175131,-0.12904448445367311,0.07914886380319316,0.22116674589092875,0.16480359429293498,0.0914504625083752,0.05565750385360984,0.06357056076881315,0.06840607830835792,0.086341750813719,0.12382666325706637,0.1239297146772117,0.06438802374889752,0.1481996816741313,-0.03523635171806016,-0.03407782328414766,-0.03055314001871674,0.03576806107516946,0.06552216068984602,0.2022494561823133,0.08199191166544116,0.08811288752988483,0.12310449390477436,0.013290027369454484,0.05935982735631629,-0.10336140278950305,0.018796091919254874,0.10072460544390631,0.11440554893947548,0.18409197672919309,0.24738702492839781,0.1357009565425653,0.19479980431243962,0.22308988306067173,0.11214167978018577,0.303705116143487,0.282501801142367,0.1664636537599058,0.09020233977848474,0.06468099865423624,0.1487983576578012,-0.004115186035280512,0.12163428912689905
taEntropy,0.09164145461284848,-0.10744560437320853,-0.07272455874881978,0.49696616846781,-0.006643142539285026,0.2916619407838998,0.17809394541344387,0.06997821886122293,0.2081547943032302,0.3057996252699252,-0.027569278472239358,1.0,0.2406595635676937,0.3661668435322691,0.01888023096161266,0.01728213290398733,0.041178491132253754,0.0021921279820328325,0.005234226838829942,-0.0009351787532165883,0.00291798509216188,-0.00015936554647947895,9.991890797420899e-05,0.01177132435210243,0.003676020280840798,0.027344749339660003,0.025838392116443495,0.03365370882127379,0.03239939502157532,0.014197446778209073,0.00471779908263754,0.012825183294673423,0.04541743362176818,0.0020538308422446594,0.041156262579014107,0.00010415344535837853,0.02032821806532198,0.010002926279085694,-0.00011869903382067647,0.023613429094020342,0.017622993072165704,0.018920610567692914,-0.003006568932543143,0.023692154703890137,0.027427228125866752,0.005141590019033665,0.0827140344015121,0.1110878354855526,0.10771442770755926,0.0035834401481321344,0.0019608604642262907,-0.0039824239078610655,0.12451542251850718,0.09398406080600515,0.07262229328065593,-0.0013765415763085738,0.014500833027064548,0.018406078120883657,0.07635695285863887,0.11246036309556211,0.09686819842875273,0.10316206828913987,0.08271305752027455,0.14076922918413534,0.1511041611384696,0.10582419927878704,0.08414775424668842,0.12951237212681618,0.03411259874332845,0.008597549518095209,-0.0023511748652393846,0.00342056193825628,0.0015834712288543575,0.0013205313662333052,-0.0008694279592196943,0.0012249376565867122,-0.000146975377487382,0.0011612786936526212,8.071468150609545e-05,-8.893252238638802e-05,-0.0023039331187284014,-0.0009239962001059299,0.003667839219731461,-0.007742296737382014,-0.004251455889645329,-0.0040578662669163955,0.003901030023233321,0.00827418634855745,0.007772149339709429,0.12158196819421355,0.09164569619483127,0.030036545380932655,0.13752607229675043,-0.01020031191727584,0.010903402945011676,0.029352309638985455,0.07136701338623441,0.07192602930799505,0.06692619329193922,0.05697592982560594,0.05287506362109586,0.07848983325021544,0.3855132251718008,0.05295345922471875,0.33886619767386206,0.03866159371411716,0.34293064245926436,0.16774036112605453,0.24277397322554067,0.057097463347368295,0.18315230785069986,0.41246345985598737,0.14235794245767716,0.435430676545831,0.19526061658257432,0.19485569748544004,0.42506482978957333,0.4190856852121703,0.11734109233390545,0.11887941222166942,0.3185992335906572,0.2945004275963235,-0.10832003362650189,0.22940427365183833,0.36746348314250205,0.08918143080631062,0.31329346315944506,0.2565342082831914,-0.2207776009706366,-0.19143316262774365,0.01776401191123508,0.028958398651951215,0.36383777278265095,0.1473579464469911,0.06607763045676847,0.48254862363290574,0.20537537441178264,0.11591396104536526,0.38704948120794186,-0.029835584707982688,-0.03162118053573153,0.18164306778830416,0.08681842919106703,0.10106052231317868,-0.0018701711420694284,0.1752899331330499,0.19078655941530928
